[Text Letter.jpg]
filters=autolight=1;fill=1,0.112150;autocolor=1;fill=1,0.046729;autolight=1;autocolor=1;fill=1,0.242991;
moddate=09bad7615d30d601
width=500
height=325
text=3;264;124;              There Is new Mall NearBy&#010;&#010;                           “BOOMBOOM”&#010;&#010;Open 24 hours , 7 Days. Go & Check It Out;Copperplate Gothic Bold;0.146000,0.406154,0.050000,0.000000;v1,4280622993,4293454056,128.000000,1.000000,0.000000,1.000000,700,0,49152;;240;100;Correspondence : Vipin , Satyam , Vanshika,&#010;                                        Supriya & Tanuja;Copperplate Gothic Bold;0.122002,0.732307,0.050000,0.000000;v1,4280622993,4293454056,128.000000,1.000000,0.000000,1.000000,700,0,49160;;159;20;Contact : 7898293937;Copperplate Gothic Bold;0.704253,0.913707,0.030847,6.283185;v1,4290135847,4293454056,128.000000,1.000000,0.000000,1.000000,400,0,49152;;
textactive=1
